0.031667 -2.493740 0.509750 -3.003490 0.000000
0.071667 -1.557303 0.564250 -2.121553 0.000000
0.511667 0.000682 0.421500 -0.420818 0.000000
0.591667 1.069594 0.532500 -0.177882 0.714976
0.631667 1.299075 0.526500 0.092772 0.679803
0.671667 1.843588 0.501000 0.303114 1.039474
0.791667 0.875466 0.490500 -0.056476 0.441441
0.831667 1.219055 0.486500 -0.037838 0.770393
0.871667 1.268864 0.480000 -0.124861 0.913725
0.911667 1.111121 0.479000 -0.200548 0.832669
0.951667 1.115215 0.438500 -0.107651 0.784367
0.991667 1.270989 0.468500 -0.245838 1.048327
1.031667 1.249990 0.468500 -0.286951 1.068441
1.071667 1.116170 0.465500 -0.450170 1.100840
1.111667 1.116916 0.451500 -0.267917 0.933333
1.151667 1.181906 0.486500 -0.292829 0.988235
1.231667 1.071702 0.461000 -0.389298 1.000000
1.271667 1.227006 0.454000 -0.153350 0.926357
1.311667 0.993635 0.449500 -0.400116 0.944251
1.391667 0.873742 0.473500 -0.476121 0.876364
1.471667 1.412299 0.465000 -0.222426 1.169725
1.511667 0.966508 0.504000 -0.410557 0.873065
1.551667 1.001842 0.462500 -0.456927 0.996269
1.591667 0.936975 0.473000 -0.413348 0.877323
1.631667 0.973245 0.460000 -0.413762 0.927007
1.671667 0.931890 0.468500 -0.351828 0.815217
1.711667 0.741630 0.453000 -0.611036 0.899666
1.751667 0.659504 0.434000 -0.633651 0.859155
1.791667 0.583668 0.430500 -0.601799 0.754967
1.871667 0.133990 0.417000 -0.922508 0.639498
1.911667 0.264238 0.432500 -0.746297 0.578035
1.951667 -0.150119 0.397000 -1.058912 0.511792
1.991667 -0.284525 0.407500 -1.275131 0.583106
2.191667 -0.740689 0.393500 -1.261849 0.127660
2.231667 -0.441086 0.436500 -1.238843 0.361257
2.271667 -0.068641 0.402500 -0.897567 0.426426
2.311667 -0.060383 0.435000 -1.023533 0.528150
2.351667 -0.266126 0.432000 -1.333505 0.635379
2.391667 -0.056973 0.486500 -1.221128 0.677656
2.431667 0.132230 0.451000 -0.990585 0.671815
2.471667 -0.076654 0.466500 -1.279003 0.735849
2.511667 -0.409216 0.442000 -1.480846 0.629630
2.551667 0.198643 0.445000 -1.090357 0.844000
2.591667 -0.014964 0.436500 -1.276464 0.825000
2.711667 0.135778 0.451500 -1.049346 0.733624
2.751667 0.028215 0.451000 -1.203917 0.781132
2.791667 -0.273539 0.481500 -1.527571 0.772532
2.831667 -0.080001 0.436500 -1.310894 0.794393
2.871667 0.324605 0.477000 -1.112395 0.960000
2.911667 0.593571 0.475500 -0.820200 0.938272
2.951667 0.024621 0.497000 -1.411568 0.939189
2.991667 -0.093009 0.499000 -1.440693 0.848684
3.031667 0.178420 0.513000 -1.133743 0.799163
3.071667 0.332846 0.534500 -1.270619 1.068966
3.111667 0.515901 0.562500 -1.094503 1.047904
3.151667 0.586517 0.551500 -1.044738 1.079755
3.191667 0.865084 0.586000 -0.708570 0.987654
3.231667 0.771678 0.605000 -0.743069 0.909747
3.351667 1.087826 0.596500 -0.668868 1.160194
3.431667 1.210412 0.647500 -0.404830 0.967742
3.471667 1.017187 0.645500 -0.503313 0.875000
3.511667 1.125857 0.644500 -0.391524 0.872881
3.551667 1.047575 0.635000 -0.425723 0.838298
3.591667 0.917618 0.654000 -0.471322 0.734940
3.631667 0.937867 0.658000 -0.494877 0.774744
3.671667 0.946635 0.673000 -0.527690 0.801324
3.711667 1.017562 0.683000 -0.503673 0.838235
3.751667 0.947245 0.717000 -0.502851 0.733096
3.831667 0.575703 0.723500 -0.827536 0.679739
3.871667 0.942298 0.693500 -0.444501 0.693299
3.911667 1.271844 0.699500 -0.234015 0.806358
3.951667 1.237286 0.702500 -0.283124 0.817910
4.071667 -0.204509 0.682500 -1.226440 0.339431
4.111667 -0.059124 0.666500 -1.108102 0.382479
4.151667 0.197139 0.695500 -1.059388 0.561028
4.231667 0.340598 0.682000 -1.045106 0.703704
4.271667 0.338877 0.688000 -0.967010 0.617886
4.311667 0.362555 0.736000 -1.006498 0.633053
4.351667 0.717942 0.691000 -0.644076 0.671018
4.391667 0.793345 0.738000 -0.671720 0.727064
4.431667 1.143817 0.708500 -0.339859 0.775176
4.511667 0.684335 0.674500 -0.627909 0.637744
4.551667 0.642547 0.635000 -0.758877 0.766423
4.591667 0.564501 0.629000 -0.841687 0.777188
4.711667 0.671208 0.675500 -0.566275 0.561983
4.751667 0.540071 0.683500 -0.680193 0.536765
4.831667 0.623510 0.716000 -0.719329 0.626838
4.871667 0.825718 0.721000 -0.588669 0.693387
4.911667 0.679383 0.731500 -0.675068 0.622951
4.991667 0.682038 0.755500 -0.625374 0.551913
5.071667 0.582306 0.762000 -0.720235 0.540541
5.111667 0.568222 0.758500 -0.660770 0.470492
5.191667 0.499698 0.711500 -0.750263 0.538462
5.231667 0.631414 0.728000 -0.667794 0.571207
5.351667 0.387679 0.658000 -0.444471 0.174150
5.431667 0.794706 0.617500 -0.227333 0.404539
5.471667 0.909986 0.606500 -0.266406 0.569892
5.511667 0.698324 0.588500 -0.456970 0.566794
5.591667 0.670362 0.572000 -0.501638 0.600000
5.631667 0.562159 0.560500 -0.581256 0.582915
5.711667 0.427837 0.534500 -0.684698 0.578035
5.751667 0.377633 0.523500 -0.784345 0.638478
5.791667 0.641398 0.542000 -0.623494 0.722892
5.871667 0.481923 0.504000 -0.656337 0.634259
5.911667 0.623274 0.499500 -0.570963 0.694737
5.951667 0.739933 0.496500 -0.409746 0.653179
6.111667 0.404007 0.406500 -0.430662 0.428169
6.151667 0.567825 0.416000 -0.352071 0.503896
6.191667 0.722938 0.461000 -0.378306 0.640244
6.231667 1.369257 0.463000 0.199591 0.706667
6.271667 1.261834 0.481000 0.168334 0.612500
6.311667 1.416321 0.488500 0.331491 0.596330
6.351667 1.377238 0.514500 0.283950 0.578788
6.391667 1.249586 0.506500 0.217713 0.525373
6.431667 1.182749 0.512000 0.151733 0.519016
6.471667 1.271144 0.513500 0.206265 0.551378
6.511667 1.327378 0.509000 0.287609 0.530769
6.551667 1.358423 0.517000 0.342708 0.498715
6.591667 1.461123 0.523000 0.420175 0.517949
6.751667 1.523867 0.528500 0.515267 0.480099
6.791667 1.485698 0.538500 0.435049 0.512150
6.831667 1.556874 0.530000 0.400114 0.626761
6.871667 1.503839 0.523500 0.369887 0.610451
6.911667 1.461208 0.539500 0.314301 0.607407
6.991667 1.454817 0.545000 0.286905 0.622912
7.031667 1.382212 0.522000 0.258745 0.601467
7.071667 1.382902 0.544500 0.251863 0.586538
7.151667 1.347608 0.527000 0.290938 0.529670
7.191667 1.379788 0.535000 0.273023 0.571765
7.231667 1.274733 0.517000 0.187310 0.570423
7.271667 1.341320 0.508500 0.211533 0.621287
7.311667 1.435850 0.491500 0.379350 0.565000
7.431667 1.188771 0.501000 0.250716 0.437055
7.471667 1.252059 0.494000 0.265305 0.492754
7.511667 1.243792 0.454000 0.286014 0.503778
7.551667 1.276342 0.448000 0.334024 0.494318
7.631667 1.338516 0.466000 0.441379 0.431138
7.671667 1.187982 0.461500 0.335035 0.391447
7.711667 1.129032 0.455500 0.205130 0.468401
7.751667 1.164119 0.448500 0.192891 0.522727
7.791667 1.090279 0.455500 0.110741 0.524038
7.831667 1.122858 0.459000 0.109901 0.553957
7.871667 1.313814 0.451500 0.225146 0.637168
7.911667 1.236217 0.471500 0.144808 0.619910
8.031667 0.725082 0.538000 0.065035 0.122047
8.071667 0.658638 0.558000 -0.122892 0.223529
8.111667 0.283202 0.580000 -0.668728 0.371930
8.151667 0.309245 0.583000 -0.706295 0.432540
8.191667 0.386390 0.615000 -0.771345 0.542735
8.271667 0.261686 0.639500 -0.936499 0.558685
8.311667 -0.173558 0.715000 -1.471191 0.582633
8.351667 -0.199589 0.757000 -1.737259 0.780669
8.431667 -0.673688 0.870000 -2.170866 0.627178
8.471667 -0.460903 0.904000 -2.012413 0.647510
8.511667 0.122622 0.927500 -1.457221 0.652344
8.551667 0.060978 0.947000 -1.491491 0.605469
8.631667 0.532645 0.955500 -0.948147 0.525292
8.751666 0.784072 0.975500 -0.753072 0.561644
8.791667 0.112240 0.981000 -1.006140 0.137380
8.831666 0.534772 0.979000 -0.763755 0.319527
8.871667 -0.203448 0.945000 -1.630591 0.482143
8.951667 0.083473 0.931500 -1.291065 0.443038
8.991666 0.821182 0.905000 -0.608409 0.524590
9.031667 1.264570 0.923000 -0.232073 0.573643
9.071666 1.361598 0.932000 -0.030172 0.459770
9.151666 1.433057 0.939500 0.161467 0.332090
9.191667 1.577642 0.943500 0.203372 0.430769
9.231666 1.748999 0.945500 0.257141 0.546358
9.351667 1.505149 0.976000 0.413699 0.115450
9.391666 1.824729 0.987500 0.527333 0.309896
9.471666 1.819078 0.990500 0.387900 0.440678
9.511667 1.825406 0.981500 0.441244 0.402662
9.551666 1.907704 0.990500 0.481542 0.435662
9.631666 1.963245 0.994500 0.614578 0.354167
9.671667 2.073609 0.992500 0.644788 0.436321
9.711666 2.107481 0.994500 0.658063 0.454918
9.751667 2.152108 0.992500 0.651707 0.507901
9.831667 2.041286 0.993000 0.527100 0.521186
9.871666 2.143544 0.995500 0.447257 0.700787
10.031666 2.470707 0.994000 0.452850 1.023857
10.071667 2.464558 0.992000 0.431939 1.040619
10.151667 2.559222 0.985000 0.425602 1.148620
10.231667 2.507487 0.991000 0.470578 1.045908
10.271666 2.566442 0.992000 0.469400 1.105042
10.351666 2.416461 0.989500 0.461444 0.965517
10.391667 2.456132 0.992000 0.464132 1.000000
10.471667 2.409500 0.990500 0.471529 0.947471
10.511666 2.468524 0.987000 0.495637 0.985887
10.551667 2.537621 0.992500 0.511078 1.034043
10.711667 2.426533 0.987000 0.450240 0.989293
10.751666 2.396957 0.986000 0.447753 0.963203
10.831666 2.403555 0.990500 0.425931 0.987124
10.871667 2.394959 0.986000 0.443441 0.965517
10.951667 2.420345 0.991000 0.437766 0.991579
10.991666 2.498781 0.990500 0.462722 1.045558
11.071666 2.418236 0.983500 0.404503 1.030233
11.111667 2.362613 0.982000 0.369145 1.011468
11.151666 2.254256 0.985500 0.262045 1.006711
11.191667 2.223681 0.984500 0.177129 1.062052
11.231666 2.172216 0.975000 0.213420 0.983796
11.391666 1.951284 0.968500 0.246143 0.736641
11.431667 1.995275 0.979000 0.262979 0.753296
11.471666 2.208833 0.979000 0.232296 0.997537
11.551666 2.268413 0.972500 0.290824 1.005089
11.591667 2.234258 0.975500 0.304212 0.954545
11.671667 2.233119 0.966500 0.221646 1.044973
11.711666 2.182997 0.960500 0.097867 1.124629
11.751667 2.019118 0.960500 0.055793 1.002825
11.831667 1.534174 0.967500 -0.392454 0.959128
11.871666 1.776029 0.968500 -0.222057 1.029586
11.911667 1.655032 0.950500 -0.292492 0.997024
11.991667 1.530105 0.945500 -0.363408 0.948012
12.071667 1.525603 0.962000 -0.373710 0.937313
12.111666 1.394070 0.942000 -0.582895 1.034965
12.191666 0.476253 0.939000 -1.446024 0.983278
12.231667 0.293895 0.930000 -1.562031 0.925926
12.271666 0.401696 0.914500 -1.487414 0.974609
12.351666 0.932294 0.934000 -1.200198 1.198492
12.391667 1.096094 0.925500 -0.958902 1.129496
12.471667 1.020138 0.913000 -0.929476 1.036613
12.511666 0.944784 0.917000 -1.015589 1.043373
12.551667 0.594766 0.915000 -1.357530 1.037296
12.591666 0.293872 0.900000 -1.622834 1.016706
12.751666 -0.743962 0.886000 -2.249173 0.619211
12.791667 -0.563814 0.892500 -2.094245 0.637931
12.871667 -0.171809 0.867500 -1.667777 0.628468
12.951667 -0.247022 0.839000 -1.715008 0.628986
13.031667 -0.071551 0.842000 -1.486958 0.573407
13.071666 0.087080 0.836500 -1.318504 0.569083
13.151666 -0.074934 0.838500 -1.483018 0.569584
13.191667 0.072140 0.846000 -1.358606 0.584746
13.231666 -0.173621 0.831000 -1.584795 0.580175
13.271667 -0.195195 0.837500 -1.647187 0.614493
13.391666 -0.198583 0.805000 -1.549838 0.546256
13.471666 -0.813351 0.772000 -2.150125 0.564774
13.551666 -1.806757 0.702500 -3.125609 0.616352
13.591667 -1.043423 0.645000 -2.377198 0.688776
13.631666 -1.394894 0.590500 -2.590114 0.604720
13.671667 -1.467197 0.524500 -2.545543 0.553846
13.711666 -1.462140 0.419500 -2.407130 0.525490
13.751667 -2.256134 0.356500 -3.042386 0.429752
13.791666 -2.061815 0.259500 -2.807348 0.486034
13.831667 -2.821208 0.223500 -3.711375 0.666667
13.871666 -3.149595 0.211500 -4.208317 0.847222
13.911667 -1.941345 0.221000 -3.079011 0.916667
14.031666 -4.987705 0.160500 -5.567008 0.418803
14.071667 -4.107741 0.123500 -4.635087 0.403846
14.111666 -2.350237 0.099000 -2.819100 0.369863
14.151667 -2.515255 0.079500 -2.594755 0.000000
14.191666 -2.280187 0.060500 -2.340687 0.000000
14.231667 -2.576999 0.048000 -2.624999 0.000000
14.271666 -3.883185 0.033500 -3.916685 0.000000
14.311667 -4.094449 0.028000 -4.122449 0.000000
14.351666 -3.141817 0.033500 -3.175317 0.000000
14.391667 -4.700000 0.040000 -4.740000 0.000000
14.431666 -2.720298 0.051500 -2.771798 0.000000
14.471667 -2.951865 0.063000 -3.014865 0.000000
14.511666 -3.946417 0.108500 -4.054917 0.000000
14.551667 -3.551367 0.147000 -3.698367 0.000000
14.591666 -2.520736 0.215500 -2.736236 0.000000
14.631667 -2.949128 0.257500 -3.206628 0.000000
14.671666 -3.076867 0.299000 -3.375867 0.000000
14.751666 -2.659577 0.325000 -2.984577 0.000000
14.791667 -2.580962 0.337000 -2.917962 0.000000
14.831666 -2.157106 0.365500 -2.522606 0.000000
14.871667 -2.761148 0.379000 -3.140148 0.000000
14.911666 -2.131804 0.411500 -2.543304 0.000000
14.951667 -2.268979 0.420000 -2.688979 0.000000
14.991666 -2.015298 0.456500 -2.471798 0.000000
15.031667 -1.991597 0.519500 -2.511097 0.000000
15.071666 -1.743728 0.527500 -2.271228 0.000000
15.111667 -1.544706 0.610500 -2.155206 0.000000
15.151666 -1.106966 0.572500 -1.679466 0.000000
15.191667 -1.100625 0.622000 -1.722625 0.000000
15.231666 -1.067819 0.621000 -1.688819 0.000000
15.271667 -0.771264 0.645500 -1.416764 0.000000
15.391666 -0.891274 0.669000 -1.560274 0.000000
15.431667 -0.940890 0.675500 -1.616390 0.000000
15.471666 -1.104040 0.613500 -1.717540 0.000000
15.511667 -1.728229 0.625000 -2.353229 0.000000
15.551666 -1.612711 0.600000 -2.212711 0.000000
15.591667 -1.891069 0.582000 -2.473069 0.000000
15.631666 -2.226717 0.601000 -2.827717 0.000000
15.671667 -2.834385 0.566500 -3.400885 0.000000
15.711666 -3.081277 0.607000 -3.688277 0.000000
15.751667 -3.605241 0.559000 -4.164241 0.000000
15.791666 -3.224703 0.525500 -3.750203 0.000000
15.831667 -3.685584 0.589500 -4.275084 0.000000
15.871666 -3.364162 0.580000 -3.944162 0.000000
15.911667 -3.476818 0.614500 -4.091318 0.000000
15.951666 -3.739114 0.657500 -4.396614 0.000000
15.991667 -3.607559 0.605000 -4.212559 0.000000
16.071667 -3.244814 0.713000 -3.957814 0.000000
16.111666 -3.359012 0.713500 -4.072512 0.000000
16.151667 -3.301722 0.638000 -3.939722 0.000000
16.191666 -2.944165 0.658000 -3.602165 0.000000
16.231667 -2.573096 0.713500 -3.286596 0.000000
16.271666 -1.885697 0.716500 -2.602197 0.000000
16.311667 -2.006296 0.720000 -2.726296 0.000000
16.351666 -2.072962 0.750500 -2.823462 0.000000
16.391667 -1.331595 0.805500 -2.137095 0.000000
16.431666 -0.338968 0.803500 -1.142468 0.000000
16.471667 -0.483913 0.842000 -1.325913 0.000000
16.511666 -0.667918 0.828500 -1.496418 0.000000
16.551667 0.033938 0.851000 -1.072164 0.255102
16.631667 0.086002 0.825500 -0.739498 0.000000
16.751666 -0.376542 0.825500 -1.202042 0.000000
16.991666 0.195464 0.854000 -1.038464 0.379928
17.071666 0.234768 0.837000 -0.875788 0.273556
17.111667 0.094503 0.818000 -1.108112 0.384615
17.151666 0.555911 0.812000 -0.676163 0.420074
17.191666 0.590417 0.788500 -0.598083 0.400000
17.351666 0.887012 0.650500 -0.034076 0.270588
17.391667 1.119258 0.746500 0.130776 0.241983
17.431667 1.193238 0.722000 0.061402 0.409836
17.511666 0.793128 0.628000 -0.170068 0.335196
17.551667 0.817372 0.663500 -0.178523 0.332394
17.591667 1.156530 0.658000 0.199278 0.299252
17.631666 1.218841 0.655000 0.196916 0.366925
17.671666 1.182027 0.670000 0.117069 0.394958
17.711667 0.903070 0.628000 -0.118869 0.393939
17.751667 1.151141 0.602000 0.168585 0.380556
17.791666 0.977725 0.603500 -0.020141 0.394366
17.831666 0.980805 0.558000 0.040621 0.382184
17.951666 1.156854 0.503500 0.291838 0.361516
17.991666 0.916484 0.484000 0.068848 0.363636
18.031667 1.017611 0.494000 0.124211 0.399399
18.071667 1.044345 0.465500 0.152053 0.426791
18.111666 0.946194 0.483000 0.082241 0.380952
18.151666 0.968233 0.468000 0.156768 0.343465
18.191667 0.961146 0.472500 0.159532 0.329114
18.231667 1.018173 0.466500 0.209080 0.342593
18.271666 0.886272 0.458500 0.076778 0.350993
18.311666 0.761644 0.455000 -0.050689 0.357333
18.351667 0.816171 0.465500 -0.055579 0.406250
18.391667 0.942443 0.458500 0.031112 0.452830
18.431666 0.508894 0.488500 -0.402425 0.422819
18.471666 0.376038 0.545000 -0.631860 0.462898
18.631666 -1.561650 0.650000 -2.601031 0.389381
18.671667 -1.652518 0.685000 -2.698540 0.361022
18.751666 -1.961976 0.693000 -3.011866 0.356890
18.791666 -2.512255 0.681000 -3.572042 0.378788
18.831667 -1.997240 0.677000 -3.098730 0.424490
18.871667 -1.506989 0.661000 -2.562839 0.394850
18.911666 -1.625171 0.603500 -2.601140 0.372470
18.991667 -1.732147 0.547500 -2.755171 0.475524
19.031667 -1.342056 0.508000 -2.315705 0.465649
19.071666 -0.405478 0.497500 -1.383446 0.480469
19.111666 0.148676 0.495500 -0.828606 0.481781
19.191667 0.172898 0.474500 -0.824994 0.523392
19.271666 -0.274767 0.478000 -1.379632 0.626866
19.311667 -0.978047 0.482500 -2.044909 0.584362
19.351667 -0.975390 0.482500 -2.098241 0.640351
19.391666 -0.779408 0.477000 -1.915175 0.658768
19.431666 -0.740345 0.455500 -1.785845 0.590000
19.511667 -0.387005 0.403500 -1.284176 0.493671
19.551666 -0.178117 0.373000 -1.086173 0.535055
19.591666 -0.392400 0.351500 -1.259900 0.516000
19.631667 -0.573318 0.361000 -1.504454 0.570136
19.671667 -0.547713 0.314500 -1.454446 0.592233
19.711666 -0.618013 0.280500 -1.497498 0.598985
19.751666 -0.486243 0.275500 -1.365048 0.603306
19.791667 -0.330864 0.276000 -1.327452 0.720588
19.831667 -0.150285 0.256000 -1.081543 0.675258
19.951667 -0.369690 0.295500 -1.085103 0.419913
19.991667 -0.421413 0.272500 -1.193913 0.500000
20.031666 -0.171732 0.266500 -1.040174 0.601942
20.071666 -0.027527 0.257000 -0.853155 0.568627
20.111667 -0.000582 0.275000 -0.831656 0.556075
20.151667 0.139174 0.244500 -0.586807 0.481481
20.191666 0.021197 0.235000 -0.628954 0.415152
20.231666 0.043850 0.240500 -0.650888 0.454237
20.271667 -0.180234 0.240000 -0.828334 0.408100
20.311667 0.198273 0.257500 -0.406048 0.346821
20.351666 0.000668 0.293000 -0.628615 0.336283
20.391666 -0.104838 0.311500 -0.740037 0.323699
20.431667 -0.298345 0.329000 -0.959914 0.332569
20.471667 -0.569227 0.333000 -1.238987 0.336761
20.511666 -0.610326 0.351500 -1.259123 0.297297
20.631667 -0.608081 0.342000 -1.222599 0.272517
20.671666 -0.445843 0.363500 -1.092053 0.282710
20.711666 -0.240113 0.388000 -0.941652 0.313539
20.831666 -0.616873 0.476500 -1.144510 0.051136
20.871666 -0.473000 0.502500 -1.227484 0.251984
20.911667 -0.354924 0.551500 -1.115650 0.209226
20.951667 0.115096 0.579500 -0.797163 0.332759
20.991666 -0.055397 0.582000 -1.005538 0.368142
21.031666 0.273691 0.595000 -0.719898 0.398589
21.111667 0.461170 0.578000 -0.394607 0.277778
21.151666 0.088407 0.715000 -0.669603 0.043011
21.191666 -0.616787 0.667000 -1.629418 0.345631
21.311666 -0.099719 0.595500 -0.954236 0.259016
21.351666 -0.404772 0.608500 -1.117750 0.104478
21.391667 -0.272646 0.592500 -1.163254 0.298107
21.431667 -0.554219 0.552500 -1.506719 0.400000
21.471666 -0.740455 0.542500 -1.688838 0.405882
21.551667 0.693164 0.471000 -0.206986 0.429150
21.591667 0.845901 0.491500 -0.073285 0.427686
21.631666 0.424791 0.459000 -0.421709 0.387500
21.671666 0.204809 0.452500 -0.650644 0.402954
21.711667 0.492582 0.470000 -0.434839 0.457421
21.751667 0.498088 0.475000 -0.456607 0.479695
21.791666 0.535827 0.466500 -0.469968 0.539295
21.831666 0.438497 0.491000 -0.552503 0.500000
21.951666 -0.103410 0.510500 -0.985792 0.371882
21.991666 0.203660 0.504500 -0.706708 0.405868
22.031667 -0.046816 0.515500 -1.017623 0.455307
22.071667 0.164490 0.527500 -0.877980 0.514970
22.111666 0.232216 0.511500 -0.783816 0.504532
22.151666 -0.003250 0.497500 -1.049361 0.548611
22.191667 0.005985 0.494000 -1.094756 0.606742
22.231667 0.022728 0.485000 -1.090964 0.628692
22.271666 0.348133 0.470000 -0.682843 0.560976
22.311666 0.198922 0.474000 -0.751269 0.476190
22.351667 -0.020768 0.485000 -0.906630 0.400862
22.391667 -0.021436 0.483500 -0.878767 0.373832
22.431666 -0.086067 0.480500 -1.008798 0.442231
22.471666 0.003108 0.464500 -0.898550 0.437158
22.511667 -0.104952 0.467000 -0.984323 0.412371
22.631666 -0.098862 0.490500 -0.707009 0.117647
22.711667 0.247266 0.448000 -0.200734 0.000000
22.751666 0.419625 0.408500 0.011125 0.000000
22.791666 0.143671 0.372500 -0.228829 0.000000
22.831667 0.157241 0.371000 -0.213759 0.000000
22.871667 0.145544 0.363000 -0.217456 0.000000
22.911666 0.055779 0.367000 -0.311221 0.000000
22.951666 0.336297 0.408000 -0.071703 0.000000
22.991667 0.239357 0.383500 -0.144143 0.000000
23.031667 0.133281 0.411500 -0.278219 0.000000
23.071666 0.133017 0.409500 -0.276483 0.000000
23.111666 0.234503 0.427500 -0.192997 0.000000
23.151667 0.193605 0.435000 -0.241395 0.000000
23.191667 0.203760 0.444000 -0.240240 0.000000
23.271666 -0.245356 0.441500 -0.686856 0.000000
23.311667 -0.872056 0.465500 -1.337556 0.000000
23.351667 -0.614079 0.498000 -1.112079 0.000000
23.391666 -0.715729 0.472500 -1.188229 0.000000
23.431666 -0.833646 0.455000 -1.288646 0.000000
23.471667 -1.351171 0.399500 -1.750671 0.000000
23.511667 -1.878456 0.387500 -2.265956 0.000000
23.551666 -1.756082 0.360500 -2.116582 0.000000
23.591666 -1.436928 0.345000 -1.781928 0.000000
23.631667 -2.071663 0.366500 -2.438163 0.000000
23.671667 -3.290380 0.368500 -3.658880 0.000000
23.711666 -2.393637 0.372000 -2.765637 0.000000
23.751666 -3.957738 0.332000 -4.289738 0.000000
23.791667 -3.376522 0.343000 -3.719522 0.000000
23.831667 -2.246945 0.361000 -2.607945 0.000000
23.871666 -1.687037 0.381500 -2.068537 0.000000
23.991667 -2.410559 0.360500 -2.771059 0.000000
24.031666 -2.140768 0.328000 -2.468768 0.000000
24.071666 -1.756894 0.321500 -2.078394 0.000000
24.111667 -1.524849 0.302000 -1.826849 0.000000
24.151667 -2.530033 0.278000 -2.808033 0.000000
24.191666 -2.592460 0.270500 -2.862960 0.000000
24.231666 -2.662462 0.231000 -2.893461 0.000000
24.271667 -2.747743 0.245500 -2.993243 0.000000
24.311667 -2.757594 0.254000 -3.011594 0.000000
24.351666 -3.033736 0.239000 -3.272737 0.000000
24.391666 -3.315947 0.228500 -3.544446 0.000000
24.431667 -2.594906 0.254000 -2.848906 0.000000
24.471667 -2.178720 0.278500 -2.457220 0.000000
24.511666 -2.187781 0.268000 -2.455781 0.000000
24.551666 -2.553693 0.272000 -2.825693 0.000000
24.671666 -2.608075 0.285000 -2.893075 0.000000
24.711666 -2.520287 0.297000 -2.817287 0.000000
24.751667 -1.996946 0.309000 -2.305946 0.000000
24.791667 -2.325994 0.285000 -2.610994 0.000000
24.831666 -2.500523 0.287500 -2.788023 0.000000
24.871666 -2.432837 0.254500 -2.687337 0.000000
24.911667 -2.819651 0.262500 -3.082151 0.000000
24.951667 -2.218426 0.253500 -2.471925 0.000000
24.991666 -2.302237 0.235500 -2.537737 0.000000
25.031666 -1.991718 0.198500 -2.190218 0.000000
25.071667 -2.047550 0.154500 -2.202050 0.000000
25.111667 -1.798000 0.122500 -1.920500 0.000000
25.151666 -1.660363 0.108500 -1.768863 0.000000
25.231667 -2.799972 0.053000 -2.852972 0.000000
25.271667 -3.480722 0.037500 -3.518222 0.000000
25.311666 -4.600102 0.035000 -4.635102 0.000000
25.351666 -5.028100 0.037500 -5.065600 0.000000
25.391667 -3.557318 0.039000 -3.596318 0.000000
25.431667 -2.491151 0.045500 -2.536651 0.000000
25.471666 -2.957344 0.037500 -2.994844 0.000000
25.511666 -3.275309 0.034500 -3.309809 0.000000
25.551667 -2.628616 0.031500 -2.660116 0.000000
25.591667 -2.557323 0.032500 -2.589823 0.000000
25.631666 -3.834590 0.030500 -3.865090 0.000000
25.671666 -3.230964 0.028500 -3.259464 0.000000
25.711667 -3.239760 0.023000 -3.262760 0.000000
25.751667 -3.598044 0.033500 -3.631544 0.000000
25.791666 -5.013228 0.036500 -5.049728 0.000000
25.871667 -4.926963 0.036000 -4.962963 0.000000
25.911667 -5.222836 0.048500 -5.271336 0.000000
25.951666 -4.806791 0.060500 -4.867291 0.000000
25.991666 -4.002104 0.052500 -4.054604 0.000000
26.031667 -3.285365 0.087500 -3.372865 0.000000
26.071667 -2.919264 0.099000 -3.018264 0.000000
26.111666 -2.175273 0.114500 -2.289773 0.000000
26.151666 -2.379510 0.133500 -2.513010 0.000000
26.191667 -2.074620 0.172000 -2.246620 0.000000
26.231667 -2.091874 0.177500 -2.269374 0.000000
26.271666 -1.714888 0.195500 -1.910388 0.000000
26.311666 -1.565207 0.216000 -1.781207 0.000000
26.351667 -1.209674 0.224000 -1.433674 0.000000
26.391667 -1.842364 0.245000 -2.087364 0.000000
26.431666 -0.826450 0.262500 -1.088950 0.000000
26.471666 -0.840324 0.313000 -1.153324 0.000000
26.511667 -1.612517 0.363500 -1.976017 0.000000
26.551667 -2.945859 0.384000 -3.329859 0.000000
26.591666 -2.183252 0.464500 -2.968404 0.320652
26.631666 -4.974770 0.517500 -5.710112 0.217842
26.671667 -3.218602 0.602500 -4.162188 0.341085
26.711667 -2.380954 0.582000 -3.387372 0.424419
26.751666 -1.368274 0.618000 -2.562583 0.576310
26.791666 -0.285668 0.584000 -1.397729 0.528061
26.871667 0.265093 0.376000 -0.168176 0.057269
26.911666 0.518591 0.356500 0.162091 0.000000
26.951666 0.478156 0.394000 0.084156 0.000000
26.991667 -1.061315 0.530000 -1.591315 0.000000
27.031667 -1.237907 0.770000 -2.007907 0.000000
27.111666 -0.717037 0.851500 -1.568537 0.000000
27.151667 -0.842593 0.884500 -1.727093 0.000000
27.191667 -0.429739 0.897500 -1.327239 0.000000
27.271666 -0.326716 0.905500 -1.232216 0.000000
27.311667 -0.596302 0.901500 -1.497802 0.000000
27.351667 -0.483793 0.906000 -1.389793 0.000000
27.391666 -0.388512 0.924500 -1.313012 0.000000
27.471667 -0.176661 0.926500 -1.103161 0.000000
27.511667 -0.184827 0.955500 -1.140327 0.000000
27.591666 -0.455525 0.944000 -1.399525 0.000000
27.631667 -0.330652 0.948500 -1.279152 0.000000
27.671667 -0.327285 0.961000 -1.288285 0.000000
27.711666 -0.442904 0.949000 -1.391904 0.000000
27.831667 -0.662283 0.929000 -1.591283 0.000000
27.871666 -0.404212 0.915500 -1.319712 0.000000
27.911666 -0.555787 0.900500 -1.456287 0.000000
27.991667 -0.361131 0.873000 -1.548880 0.314748
28.071666 -0.673717 0.854000 -1.815257 0.287540
28.111667 -0.818760 0.846000 -2.006908 0.342149
28.151667 -0.675950 0.827500 -1.928358 0.424908
28.191666 -0.833685 0.802500 -2.083265 0.447080
28.231666 -0.872331 0.788000 -2.132959 0.472628
28.271667 -0.800125 0.771500 -2.006180 0.434555
28.311667 -0.998656 0.751500 -2.176472 0.426316
28.471667 -1.476767 0.744500 -2.335510 0.114243
28.511666 -1.342839 0.766500 -2.281495 0.172156
28.551666 -1.173027 0.771000 -2.288855 0.344828
28.591667 -1.116761 0.790500 -2.318429 0.411168
28.631667 -1.809266 0.792500 -2.986125 0.384359
28.711666 -1.877989 0.704000 -2.853175 0.271186
28.751667 -1.477553 0.737000 -2.566976 0.352423
28.831666 -2.467121 0.685000 -3.152121 0.000000
28.871666 -1.910779 0.599500 -2.952384 0.442105
28.911667 -0.265331 0.442000 -1.064474 0.357143
28.951667 0.962933 0.377000 0.028608 0.557325
28.991666 0.949465 0.411500 0.088397 0.449568
29.071667 0.562331 0.433500 -0.311169 0.440000
29.111667 0.265255 0.426500 -0.544224 0.382979
29.151666 0.443557 0.408000 -0.430412 0.465969
29.191666 0.602805 0.416500 -0.336005 0.522310
29.231667 0.768258 0.443500 -0.257415 0.582173
29.271667 0.578191 0.423500 -0.400550 0.555241
29.311666 0.515827 0.420500 -0.441259 0.536585
29.351666 0.862519 0.422000 -0.153231 0.593750
29.391667 0.833393 0.409500 -0.113898 0.537791
29.471666 0.900977 0.418000 -0.025595 0.508571
29.511666 0.913061 0.427000 -0.096430 0.582492
29.551667 0.915140 0.430500 -0.116783 0.601424
29.591667 0.783190 0.410500 -0.175013 0.547703
29.671666 0.902414 0.442500 0.117731 0.342183
29.711667 0.990404 0.469000 0.196335 0.325069
29.751667 0.457228 0.544000 -0.419226 0.332454
29.791666 -0.028992 0.637000 -0.959714 0.293722
29.831666 0.438581 0.698500 -0.560546 0.300626
29.871667 0.208939 0.813000 -0.918624 0.314563
29.911667 0.322944 0.897000 -0.891660 0.317604
29.951666 0.448072 0.949000 -0.836044 0.335116
30.031667 0.756929 0.994500 -0.585628 0.348057
30.071667 0.916314 0.999500 -0.488937 0.405751
30.111666 1.040869 1.002500 -0.399969 0.438338
30.151666 1.024047 0.995000 -0.383811 0.412857
30.191667 1.086824 1.000000 -0.296096 0.382920
30.391667 1.032379 0.997500 -0.270876 0.305755
30.471666 0.925684 0.987500 -0.374233 0.312417
30.511667 0.953792 0.995000 -0.389208 0.348000
30.631666 0.391950 0.994500 -0.985761 0.383212
30.711667 0.046183 0.986000 -1.327165 0.387347
30.751666 0.034534 0.991000 -1.377579 0.421114
30.791666 -0.084436 0.989000 -1.513153 0.439716
30.831667 0.243355 0.985000 -1.196191 0.454545
30.951666 0.482473 0.955500 -0.913447 0.440421
31.031667 -0.087649 0.841000 -1.366311 0.437662
31.111666 0.721849 0.640000 -0.250078 0.331927
31.151667 0.661522 0.597000 -0.285554 0.350076
31.271666 0.583485 0.610500 -0.543144 0.516129
31.311667 0.562564 0.626500 -0.556031 0.492095
31.351667 0.661305 0.636000 -0.575768 0.601073
31.431666 0.967252 0.673500 -0.318824 0.612576
31.471667 1.029829 0.686000 -0.158965 0.502793
31.511667 1.050599 0.761500 -0.191535 0.480634
31.591666 1.287176 0.891000 -0.097201 0.493377
31.711666 1.359698 0.955500 -0.102425 0.506622
31.791667 0.920766 0.937500 -0.454815 0.438080
31.831667 0.950055 0.935000 -0.497810 0.512864
31.911666 0.685758 0.824500 -0.451050 0.312308
31.991667 0.554457 0.784000 -0.587568 0.358025
32.031666 0.970089 0.773500 -0.338858 0.535448
32.111667 0.550114 0.704000 -0.673942 0.520055
32.151667 0.609722 0.702000 -0.785887 0.693609
32.191666 0.713299 0.691500 -0.762954 0.784753
32.311667 0.806170 0.693000 -0.726452 0.839623
32.391666 0.637149 0.684000 -0.839643 0.792793
32.431667 0.291680 0.658000 -1.107141 0.740821
32.511666 0.361991 0.650500 -1.041756 0.753247
32.591667 0.353399 0.664000 -0.982000 0.671400
32.671666 0.344048 0.668500 -0.983771 0.659319
32.751667 0.483979 0.684000 -0.871927 0.671906
32.791667 0.536411 0.666000 -0.832815 0.703226
32.831666 0.527862 0.706000 -0.954394 0.776256
32.871666 0.319764 0.666000 -1.040806 0.694570
32.991666 0.486906 0.687000 -0.917141 0.717047
33.031666 0.760901 0.704500 -0.703899 0.760300
33.071667 0.691263 0.706500 -0.785482 0.770245
33.151666 0.327410 0.703000 -1.060082 0.684492
33.191666 0.304145 0.690500 -1.120970 0.734615
33.231667 0.757335 0.715500 -0.671343 0.713178
33.351666 0.382201 0.743500 -0.967885 0.606586
33.391667 -0.014204 0.712000 -1.308547 0.582343
33.471666 0.127654 0.732000 -1.115710 0.511364
33.511666 0.184145 0.754500 -1.059383 0.489028
33.711667 0.825390 0.812000 -0.201510 0.214900
33.791666 1.027749 0.803500 -0.158893 0.383142
33.831666 1.072803 0.848000 -0.282351 0.507154
33.911667 1.182594 0.831000 -0.231739 0.583333
33.991666 1.057283 0.808500 -0.311054 0.559838
34.031667 0.985956 0.806500 -0.329861 0.509317
34.111666 0.977366 0.803000 -0.368552 0.542918
34.151666 0.893207 0.810000 -0.443579 0.526786
34.191667 0.987474 0.787500 -0.311237 0.511211
34.311666 0.893128 0.760500 -0.323286 0.455914
34.351667 0.921519 0.769500 -0.321895 0.473913
34.391667 0.942094 0.802000 -0.324115 0.464208
34.471666 0.936921 0.801500 -0.351648 0.487069
34.551665 0.891961 0.788000 -0.361256 0.465217
34.631668 1.088558 0.809000 -0.267739 0.547297
34.711667 1.092935 0.804000 -0.326081 0.615016
34.751668 1.185734 0.805000 -0.354921 0.735656
34.831667 1.097126 0.814000 -0.393978 0.677104
34.871665 1.064679 0.825500 -0.480333 0.719512
34.991665 1.316830 0.851500 -0.248644 0.713974
35.071668 1.329833 0.804500 -0.152491 0.677824
35.111666 1.254686 0.817500 -0.242301 0.679487
35.191665 1.091694 0.754500 -0.257796 0.594990
35.271668 0.829778 0.708500 -0.392132 0.513410
35.351667 0.888583 0.737000 -0.406735 0.558317
35.471667 -0.084465 0.725000 -1.225661 0.416196
35.511665 -0.248535 0.733500 -1.418833 0.436798
35.551666 0.705197 0.720000 -0.485864 0.471061
35.591668 0.861607 0.753000 -0.293353 0.401961
35.711668 0.699447 0.909500 -0.406314 0.196262
35.751666 0.762847 0.926000 -0.337129 0.173977
35.831665 0.713272 0.904500 -0.372365 0.181138
35.871666 0.725529 0.900000 -0.359822 0.185351
35.951665 0.811355 0.902500 -0.267700 0.176556
35.991667 0.773956 0.878000 -0.262545 0.158501
36.031668 0.838336 0.872500 -0.187899 0.153736
36.111667 0.903490 0.897500 -0.171951 0.177941
36.151665 1.086018 0.887000 0.012001 0.187017
36.191666 0.885765 0.871500 -0.260882 0.275148
36.351668 0.542411 0.819500 -0.546805 0.269716
36.391666 0.369913 0.783000 -0.683956 0.270869
36.431667 0.100523 0.779500 -0.899047 0.220070
36.511666 -0.042897 0.766500 -0.995604 0.186207
36.551668 -0.058382 0.750000 -0.993949 0.185567
36.631667 0.032517 0.783500 -0.934891 0.183908
36.671668 0.120941 0.775000 -0.824791 0.170732
36.751667 0.399423 0.811000 -0.623653 0.212077
36.831666 0.655725 0.812000 -0.462957 0.306683
36.871668 0.837449 0.843000 -0.374483 0.368932
36.911665 0.756557 0.830500 -0.413303 0.339360
37.031666 0.834679 0.736000 -0.150992 0.249671
37.111665 0.478268 0.850000 -0.607790 0.236057
37.151666 0.087566 0.825500 -0.955039 0.217105
37.231665 -0.279608 0.814000 -1.315830 0.222222
37.271667 0.230686 0.832000 -0.831869 0.230556
37.351666 0.595800 0.802000 -0.424114 0.217914
37.391667 0.706510 0.811500 -0.349346 0.244356
37.471666 0.560730 0.784500 -0.463979 0.240209
37.511668 0.597411 0.767000 -0.414487 0.244898
37.551665 0.542430 0.803500 -0.525776 0.264706
37.591667 0.612647 0.815000 -0.468176 0.265823
37.751665 0.835241 0.789500 -0.214730 0.260471
37.791666 0.663072 0.768500 -0.320572 0.215144
37.871665 0.627762 0.745500 -0.422152 0.304414
37.911667 0.824267 0.765500 -0.243286 0.302053
37.951668 0.690198 0.764500 -0.407117 0.332815
37.991666 0.587992 0.746500 -0.548315 0.389807
38.031667 0.786191 0.783500 -0.467719 0.470410
38.151668 0.113336 0.717000 -0.643962 0.040299
38.191665 0.722222 0.724000 -0.450719 0.448940
38.271668 0.454001 0.705000 -0.570108 0.319109
38.391665 0.730266 0.677000 -0.489670 0.542936
38.471668 0.539772 0.706000 -0.470062 0.303835
38.551667 0.659647 0.693500 -0.487018 0.453165
38.591668 0.689189 0.651000 -0.452169 0.490358
38.631666 0.473466 0.679500 -0.708722 0.502688
38.711665 0.442923 0.698500 -0.728580 0.473002
38.751666 0.685354 0.699000 -0.524563 0.510917
38.791668 0.824941 0.762500 -0.452179 0.514620
38.831665 0.844990 0.756000 -0.430167 0.519157
38.871667 0.755001 0.762500 -0.503090 0.495591
39.031665 0.631845 0.763500 -0.226619 0.094964
39.071666 1.106892 0.815500 -0.115794 0.407186
39.111668 0.867766 0.780500 -0.246455 0.333721
39.191667 0.957723 0.816000 -0.244665 0.386389
39.231668 1.057743 0.816500 -0.113494 0.354737
39.311667 1.105186 0.862000 -0.081298 0.324484
39.351665 1.037173 0.836000 -0.125501 0.326673
39.391666 1.031417 0.859500 -0.173538 0.345455
39.431668 0.899649 0.839000 -0.253935 0.314583
39.551668 1.276388 0.902000 0.115093 0.259295
39.591666 1.366601 0.882000 0.227858 0.256743
39.671665 1.298285 0.904000 0.114418 0.279867
39.711666 1.347650 0.915500 0.143261 0.288889
39.791665 1.444190 0.922500 0.220102 0.301587
39.831667 1.398199 0.939000 0.169543 0.289655
39.871668 1.399498 0.928500 0.192217 0.278781
39.911666 1.458806 0.939000 0.254251 0.265556
39.991665 1.432482 0.926000 0.251837 0.254645
